id;dist_very_small_bishop
1065003;25266.88742297196
1065002;13539.175609315414
1011006;37698.16282604444
1009001;57499.0782188362
1011004;42388.53194117225
1009002;63586.937514902726
1031005;41413.63602478794
1011003;17853.18554035719
1011001;17532.129775716498
1011002;24185.7399716816
1013001;44437.290935040815
1083003;112595.62274223272
1083001;87983.86216766876
1004004;56061.33862022116
1031007;43472.251200885614
1031002;28855.116373457895
1013007;0
1013006;25713.53656189596
1013002;39239.16219299095
1083002;104770.73311867182
1081002;0
1032004;18488.807719298675
1031006;28318.034908447
1032005;11020.638933858914
1064004;16756.520755732436
1083007;84694.3788473099
1011005;0
1034001;4730.6167007459935
1034003;0
1031003;38565.68641920253
1031004;23503.64850079976
1032006;29106.379308094452
1032001;0
1081005;8860.362420873083
1040003;47883.91753930119
1081003;8563.473893389835
1030004;10544.225070893095
1013003;7962.897560812888
1030002;1220.8520304380413
1030008;14535.674126807498
1034002;14968.092886057255
1030003;51619.31325340409
1030006;32505.96590477608
1012007;28207.84866672554
1032002;19447.91141637032
1040002;41974.135852177205
1032003;13157.072893653964
1047006;10262.859234095793
1048001;68325.37211927846
1031001;37974.88208466756
1046004;10619.810578396438
1046005;15868.003099100995
1030005;24406.253237800036
1013005;30242.103126682206
1030001;44732.99795903245
1047008;5854.859814668512
1024008;80861.36612156843
1033007;53717.12352696148
1007003;17456.137971867774
1026005;20570.45420121876
1017003;63411.26416630314
1019001;59669.59489572996
1024003;85124.46110114908
1015001;33304.80447228716
1015003;55743.694080789726
1017004;33507.35618029442
1016002;45955.85966479796
1024005;61849.92814425147
1024007;60156.06098540122
1019004;94639.3947311778
1047001;0
1047002;23733.81755895696
1004003;85219.86883892941
1005002;43120.64874341065
1047009;0
1048007;46524.912451908705
1048004;40246.7856669484
1048005;81117.24523496987
1015004;43748.978534380476
1048003;57942.62930095375
1047004;31045.351391229546
1012006;56500.05103677637
1047007;12204.746769692445
1047003;15421.620775562145
1046001;0
1047005;7304.820750132037
1012009;0
1012001;10672.34872239809
1046002;16844.918923514793
1012003;45650.75289379911
1012008;45421.290464026155
1026004;59558.684166338506
1026003;44100.64980155123
1007002;36491.020656953144
1026002;66942.46192613889
1033001;53498.47617182353
1004005;90565.63537748947
1005003;91646.21961697824
1024002;29729.35220431728
1024001;23450.878093625128
1024004;55630.01711517872
1033005;49554.4190057479
1033004;73714.55619206952
1046003;17059.410348221034
1043002;0
1007001;22079.938800156855
1048002;24818.29964977493
1004001;40211.37910912922
1005001;32305.60153979105
1048006;38217.20099848297
1043001;19162.55567926082
1003005;41128.75707995235
1018006;19878.55630823471
1079004;47774.69516219767
1085002;42612.36847628692
1036006;54837.24933226105
1086001;42079.83772126976
1039005;41127.404871739454
1039006;62767.48899287743
1003001;16966.68809971932
1003007;0
1071002;27827.166040684308
1086002;53562.27092379165
1086006;55071.08424666973
1085003;66871.46997513111
1036002;13985.891138884479
1036005;19858.26234666568
1036001;42356.63123167673
1036004;0
1018003;11223.792383007438
1039004;37248.642645643136
1086003;13024.613740624265
1086004;57210.12537210221
1025004;86532.76680720343
1085005;78679.80110272604
1085004;80276.11943362042
1036003;34352.68705492865
1058007;30127.556946869172
1018005;10671.380305435208
1079003;16873.105569312942
1017005;16363.866917969533
1001008;38748.15346233824
1038002;25725.915843835068
1001005;33768.088420403554
1038004;0
1087005;97122.6612920492
1019003;51575.585149953404
1063008;11367.307614707168
1063001;36158.43014665024
1016003;19421.323803429867
1063005;31005.71880446601
1015002;60101.07445066316
1063002;32421.560214603975
1017006;12762.533360546755
1017007;0
1024006;85377.82461488899
1087006;115074.61420632136
1087004;93403.5637277394
1016001;42598.435648278595
1016006;28036.50587831123
1001002;14598.793621938721
1087003;114947.49393654073
1069001;102.58849173240075
1001009;7768.938331083961
1069005;10955.682082438574
1071006;183.18795070701347
1001003;0
1001007;2013.868668998589
1071005;16933.731658609333
1023005;41809.08139091999
1023002;87441.65345871732
1023007;57614.055050237745
1063006;17247.223456455988
1069004;11529.793952078995
1001004;75148.80047181853
1001006;48109.13746073387
1087001;97541.01182176523
1087002;78898.60235937327
1023003;57837.377121293466
1023001;54577.7178019253
1069003;33441.791483922294
1003004;21100.985199585382
1003002;22827.768725290873
1003006;13948.537064702929
1071007;33057.13441685495
1041001;0
1041002;10391.714279410784
1068002;29522.358106194286
1070006;88683.01568537216
1070001;81087.50296118952
1053001;10784.654694086003
1053004;18588.3003940587
1072007;30910.377310835756
1049003;35298.87265271434
1072004;39238.10717681676
1037002;9614.587110635983
1072001;30061.341355846984
1041004;20083.138165742435
1070004;50950.98839361578
1088008;26111.864209211693
1088002;50957.40216983242
1070003;78211.79418049158
1088004;58901.430437553696
1052005;87729.3244585074
1021003;52059.774035925075
1035004;24478.396813217787
1044003;43003.85210999754
1035001;45538.89726122884
1044002;76827.7965433453
1044005;95725.31948436942
1049006;32255.96597682114
1041006;17534.31432539936
1053002;15886.116377993223
1053005;0
1072005;27233.177037060093
1072008;21748.51059164447
1028002;42110.60799990525
1045001;26629.3764467518
1045006;38812.35911642148
1072009;41103.47411879465
1089007;18675.16306297115
1010004;29561.31658562828
1035006;46493.866613653125
1056004;89397.7282576063
1056006;38875.810257726385
1035007;22012.32851234556
1045002;73240.94443363447
1045003;47712.458091887616
1035009;19934.541690162518
1010003;50264.101777443444
1052003;52217.1178823231
1035005;15911.470563847615
1052001;84350.29191791394
1045005;60937.10754256204
1067002;55591.77882053483
1053003;13625.494433448408
1053006;11633.727797337442
1041003;37552.635127713154
1072003;29762.42591754935
1028006;50596.577201894295
1089006;6367.354311581374
1089004;18775.53386281978
1068003;0
1088001;25485.3239946396
1022002;0
1022001;12583.564677814456
1088005;22611.983460064494
1088006;45941.61957520175
1045007;62300.06180120171
1035003;33963.876826126725
1050005;46293.205058101965
1072002;2310.067487850544
1088003;36485.66671260536
1088007;15598.732309617488
1010002;48509.07725227812
1010006;43856.96230202921
1028005;51617.01640845215
1078003;35621.63785864678
1072006;4124.355351071802
1061006;18758.110850621728
1061001;0
1053007;8776.485678773257
1010005;10698.557360237302
1088010;21572.976264969184
1054001;11713.8140238393
1054002;9583.23229744821
1067001;12106.503157782272
1022008;73438.53698124758
1022009;41693.55428552093
1077003;22699.64467287455
1077004;0
1077002;21668.365958808874
1078002;22915.07175725769
1052004;25276.090170511194
1010001;28115.92073447477
1052006;16881.392302586744
1061004;17229.48438285654
1061003;21432.12671234078
1028003;33119.47305870472
1054004;0
1054009;17800.775200408054
1054008;31018.429404740233
1027006;9689.259829265562
1055007;24209.185861891376
1055001;0
1054005;9037.350078879397
1054003;22967.902503563153
1051006;12968.526939925974
1051004;13877.387951586505
1078001;28509.32286693157
1078009;0
1059001;37337.644214084576
1059003;16566.61037651956
1080003;52130.56833862949
1080005;13470.53878473739
1080002;28072.797518972522
1062006;20101.938254764253
1059008;27752.355261822337
1059004;23528.594361788942
1060007;12212.284373574268
1076006;35354.46844232383
1080001;39405.77123735043
1060002;9009.653629089786
1008002;9386.067116875436
1008003;26355.90936012288
1008004;27192.75288738992
1060008;19223.139004138597
1076001;59713.67603828917
1076005;31899.6476419624
1002003;0
1002005;0
1076003;65990.45484155633
1076007;27670.106576157283
1059005;0
1059002;0
1062005;16029.381082059735
1062007;12788.020314171437
1059007;0
1062001;30098.2540121534
1057005;40297.81786886165
1055006;8521.048693880459
1055004;48690.97604896892
1051003;22576.44621535468
1051001;0
1014002;4652.069191059428
1014006;19729.815642362733
1050001;37919.99877500869
1078008;776.5386664615296
1078007;11841.007138551844
1027002;0
1027001;10928.566153871427
1027004;8520.531759155738
1057007;46516.421414567936
1057006;33046.183919997195
1057002;49920.431975122745
1057008;25197.94806286945
1057009;36399.55315767936
1078004;14970.823227920353
1051005;15860.138051836135
1008006;18285.42115950841
1008001;15459.719675326143
1008005;0
1055002;16025.860176540255
1028004;23712.371721670468
1078005;18576.337610937295
1061005;20108.01421519964
1014004;0
1051002;19669.930905347996
1027005;11472.626239260331
1060009;19590.30142291657
1060006;44832.62808360004
1002004;10515.314484792392
1002001;34485.98236626926
1077001;34877.903670131585
1060003;11503.501511497985
1054006;29118.548553309243
1075001;12694.745709236096
1075002;6072.156870767441
1050004;45903.6036450251
1050006;15443.238273296085
1057004;43171.557359422884
1027003;24163.65806004404
1055005;18409.12860693714
1060001;0
1060005;36012.2276098077
1025001;81224.10581273411
1025003;91316.67375638665
1044008;116287.73848752568
1049007;46535.85932551483
1049008;20925.460576205787
1039002;34940.64616928979
1071003;0
1021004;36209.64296923286
1037007;0
1037003;11623.489037615507
1025006;72025.93709090626
1037001;13089.928346903434
1089001;0
1058002;27345.942020432045
1058006;13363.79946792869
1070002;75459.152870120015
1049001;20155.306747620318
1049005;0
1079006;19233.293125593995
1049002;10138.806242934063
1021006;50949.90221209815
1058001;35000.29231997136
1071001;18968.188353899972
1058003;31406.103443724063
1079001;42647.35619987651
1085006;68796.97496871142
1039001;61334.421646651164
1025005;72213.14795437362
1021002;15500.108429045162
1021007;26026.928845603918
1058008;0
1044006;108394.116073098
1044007;81903.94048939926
1058004;35991.742015175034
1044009;96269.69119606937
1041005;9759.213996114402
1037005;20429.50869514864
1044004;81401.72636103623
1044001;55674.73827952231
1018004;15267.633432343579
1063004;4767.84850181056
1071004;24819.018383758263
1063007;0
1016005;45856.423933306
1046006;37108.74143791199
1024009;33941.19999538084
1022003;73312.21730402991
1016004;65220.03465573377
1029002;110723.66825627403
1022005;91701.23463525261
1014001;0
1050002;29284.07004365963
1067005;21985.602657447762
1062002;25737.870092518027
1029007;161480.4423458728
1029003;129635.20574862843
1040001;4844.018647797942
1064005;0
1021005;66035.9577978085
1029004;137262.82163619564
1029001;165692.35068012308
1056001;95674.34397016578
1056002;92993.78996464984
1029009;114620.4294668575
1066001;2754.2557340950225
1066003;20077.284216035758
1009003;59956.41937839269
1066002;0
1083004;113945.69094921192
1083008;80414.01868501135
1012002;44346.05873345762
1004002;75556.8046712513
1033006;59373.32808846513
1005004;87644.47576858815
1038001;54358.891014937835
1037006;28690.07526857575
1001001;52527.8226035451
1068001;28842.506606087245
1029008;138058.45940855343
1056008;62714.369666144186
1035002;15604.291119409696
1022004;17233.699524918837
1067004;42117.525321328576
1059006;31207.48354600103
1050003;0
1062004;0
1050007;11388.424810052844
1079005;37283.14980615009
1034004;16081.918241185258
1065005;9067.294467027643
1081004;12421.090669970752
1031008;39819.13409871962
1081001;0
1012005;12445.409027553264
1030007;48999.56828906276
1040004;51136.550344297015
1019002;66569.95665354299
1038003;25327.24180007189
1012004;22417.010370791377
1026001;74870.30304853285
1043003;16925.033189612106
1039003;36286.08288989694
1018007;8932.75458124658
1058005;12471.639859060284
1058009;11386.646202492348
1069002;33694.89311057604
1079002;23562.808212365082
1023004;40643.82431723583
1023006;58955.173878924725
1003003;18715.114127975103
1045004;38177.96666341341
1089003;8405.466796304283
1089005;19813.675990646043
1056003;41315.185868029635
1056007;67209.23903693123
1070005;54361.476945648654
1052002;46515.330414792224
1054007;30494.674485193107
1022006;40878.63532471773
1028001;40570.452354019006
1055003;8207.92825386354
1061002;5363.1938171226775
1077005;16528.874028668262
1002006;10986.180812011457
1062008;31791.362729750625
1080004;27141.0696860466
1002002;10236.93656320286
1076002;39367.23053840302
1076004;23430.518065003733
1062003;19441.0523134652
1057003;57170.0884123133
1014003;0
1014005;3829.6555567046858
1055008;17666.881261488474
1078006;11586.991938204364
1060004;12008.387785395102
1037004;11156.106592705113
1018001;42495.34558855211
1018002;6003.905226597585
1025002;80697.18561065111
1049004;42201.1937022196
1056005;96418.53782595054
1089002;25084.132639917407
1063003;14898.222650443522
1064002;32706.575123116232
1064003;11447.316198052
1065001;12991.320618291209
1064006;37061.20686124867
1017002;32774.80061685676
1017001;30721.83014673616
1013004;64453.323520121674
1021001;35860.553115827686
1084001;15997.913680435297
1057001;53006.02297007268
1033003;68103.34064585225
1033002;91395.97343455374
1085001;117250.08844507964
1083005;81594.39020186423
1083006;119765.75629757142
1029005;147914.78233534223
1064001;28143.803705058974
1029006;110238.86058356863
1022007;66798.13101720766
1035008;8585.539647223271
1083009;102381.69984523568
1026006;39426.69196111797
1056009;81032.8411096366
1065004;0
1086005;72275.40714472943
