id;distances_Q1;distances_Q2;distances_Q3;distances_Q4
1065003;27250.950780402927;11797.17579838372;25548.150287662353;75016.2026250102
1065002;8916.050277085567;0;13514.197538371376;95513.98712156505
1011006;33219.91567975296;10510.07843148567;35375.83239906627;30597.434921089123
1009001;47211.44943472682;0;18116.410686056915;33705.224156286306
1011004;58231.32416797169;0;16412.810121874187;9062.503831789041
1009002;56761.35241517388;22539.348839630864;58442.946657198176;55709.19111391556
1031005;48713.81902443185;15761.454624858496;36290.84330298482;28333.902404628734
1011003;60637.29468634458;16218.56025053218;17997.284414625847;12138.209444215596
1011001;40413.68890928539;8163.19759972617;13591.583947200268;0
1011002;28756.0389436399;12399.651697725072;0;17593.75981894123
1013001;26562.125606296286;0;0;0
1083003;22647.12135841471;13633.89777045902;0;34531.645949824335
1083001;32239.766247406224;9466.398908726836;13290.190165924405;28386.278461093945
1004004;10818.93458316837;0;19293.53865316669;32569.999423904846
1031007;8903.733582780402;4239.285780045587;23958.808224411267;0
1031002;38795.207745069965;0;28985.692078149692;12566.002334988169
1013007;5177.655157837222;3247.1637363850223;0;3718.785307469568
1013006;30709.032243154194;0;26713.599723949952;18623.14865351785
1013002;25641.095840199156;0;16118.026221649601;15331.43243905102
1083002;6797.932200754402;0;14547.082382579674;9198.566958469164
1081002;14596.196396642013;37794.23003182354;12825.888916644904;0
1032004;50731.920324299674;22888.0757472386;18024.651570637627;19420.697395146573
1031006;41107.25504075243;26224.107148889612;27765.15637669816;47754.57672604645
1032005;37644.157707705286;31810.039948707912;10667.409546352328;63183.4997836891
1064004;50075.95833048634;4410.322608637263;46577.30940368395;16585.55798348653
1083007;17156.448455708058;7525.018467659387;10180.29453312122;18909.87117366898
1011005;33507.93110314894;10060.550544814014;0;11289.802987710951
1034001;0;0;5747.428045076774;0
1034003;36419.868667790455;0;0;0
1031003;36881.14331001743;15911.908426926035;20323.841526065753;11524.810018649456
1031004;11621.353734336142;38647.47374400024;11952.797538688515;10039.85917971302
1032006;26958.16162054987;1027.5429999257178;29383.325785149602;97474.60363669976
1032001;59095.20390592127;16027.512713244092;0;41724.30079206751
1081005;0;32936.247590537976;11624.387880344535;8245.395904542964
1040003;0;0;29236.692047205677;49110.22404956752
1081003;7752.4201582342885;24044.3048943675;0;16738.500350624672
1030004;27844.043442389262;2963.6269608048324;8698.165439019182;0
1013003;20168.42530971472;10141.583022478133;8902.730118733503;0
1030002;2657.5942507394693;8911.632389584971;0;0
1030008;17162.528079980522;0;10962.319126110753;7321.600126361877
1034002;5901.506116365239;0;0;17193.451390181282
1030003;35833.97078410027;14929.489404749302;17925.66701026802;36589.98624273301
1030006;48883.488295209405;3114.1700454164807;19253.790549174795;9997.126515136315
1012007;15230.280984503786;7183.382798172099;11837.251753112621;37060.29620621907
1032002;51365.50481771967;0;19981.14656884356;65383.712620336926
1040002;6574.465507654161;0;40620.08944184373;74540.29054007641
1032003;56122.036430535394;0;13571.293738308366;29907.338254963823
1047006;30649.326404079908;0;9167.13648484049;61777.11654197076
1048001;64967.45420125761;8540.858596093854;14236.921832986747;51405.580478365075
1031001;33970.171497080955;0;28661.98472184255;1918.7309837137534
1046004;65184.95681789391;0;11980.179197269441;15578.695148551902
1046005;35062.65661823363;9148.689465067615;14612.626841478108;0
1030005;10590.837945847432;5420.738600031703;19405.350561292813;9471.88985924858
1013005;12999.778560454404;0;8796.728268318238;12272.30557875641
1030001;51353.91155441149;0;0;21034.27983726896
1047008;53772.412531076276;6770.2164576813675;6937.271860680416;28428.307903756446
1024008;51561.6877068129;14676.978941477677;26721.19359271988;25289.28215961764
1033007;27245.464263796188;16163.60280573639;0;16120.231243344315
1007003;0;0;1157.879925205436;18426.729344283638
1026005;1628.7524708957083;0;9883.485741089537;21246.755308331663
1017003;67824.46092002233;48109.014499633806;19703.063859269212;39383.32099987266
1019001;23314.308815196302;0;7981.835129756956;57990.41995037266
1024003;5295.18600066744;11866.96944060032;43048.356898170525;30732.53964830036
1015001;85719.46507355478;12423.341114037321;0;81112.49897332182
1015003;104295.01977480178;11327.963921226537;26360.791110000962;41791.55016028793
1017004;42089.62233566026;23288.19244147361;14207.049165376098;35098.88806271806
1016002;67474.16891135555;38054.225759272565;32324.27097991603;21900.227399648225
1024005;35792.869181435875;12126.42288118362;18635.585078770084;44184.19143264349
1024007;34778.99370969216;0;59791.63226202558;45164.92556769934
1019004;5111.101780342218;15103.68950857867;10900.846465501398;34118.81774897738
1047001;30350.319980345757;11759.755212294367;0;45920.56186592017
1047002;8996.676664056597;8267.31745630285;22300.93395441241;61379.15146787585
1004003;0;4091.9287202861065;23506.228978771604;36913.663586042356
1005002;29815.222512352284;47678.857951440434;5032.671779300893;55333.541728305936
1047009;24712.478964311682;13735.010376483502;0;39392.289489529096
1048007;77719.2120964935;18403.884621636804;14869.935586670175;47838.15248013539
1048004;78831.73575847712;0;41698.46761626273;41353.693759996255
1048005;61856.03867156625;15028.237149475264;42486.48087145348;62845.19854987716
1015004;116016.9879674635;0;19069.88768830163;43970.568518207336
1048003;80203.86623706222;8278.295542041496;51192.81886369637;58964.68756109974
1047004;0;10142.168806936737;30474.087048440244;54974.62966281352
1012006;64838.85301177374;9865.835953676982;53701.2132373552;83170.65313123871
1047007;2459.500510146637;0;11554.167612575297;68941.3271421647
1047003;13045.279426636896;13240.716111889327;15507.21291384104;65266.815256582675
1046001;63673.005338462535;21202.13827364657;0;21215.03768387309
1047005;32781.83967499021;22311.889472625593;9022.316688045783;59684.90247912526
1012009;45634.28969207396;3846.19874304963;0;26370.52117598042
1012001;81135.48526683502;8255.56401727237;11223.16895510097;75436.3012851914
1046002;78060.17773911;0;15752.820325281551;56361.01218845735
1012003;113393.04806493658;25110.233809110738;14359.210783165334;78717.30325143604
1012008;92431.3157148494;19282.869700495474;34932.65746578313;81927.4416079382
1026004;20409.859112101472;22115.59115701898;21737.40994796579;39971.9332383279
1026003;28415.851993055752;0;24293.219242607734;28807.230914961354
1007002;20910.807220806226;5214.441437585683;8430.646485500527;36486.463645689546
1026002;0;26231.566154962005;24956.475020995433;22348.365909859538
1033001;12654.294239968638;22326.5251568072;36421.76561023382;33294.70180196889
1004005;0;24222.02754126967;12327.657639090745;67956.27307935357
1005003;24749.474129940852;66390.13059644746;0;44217.81665938006
1024002;24530.16170319046;0;31043.436697880872;61704.861432110316
1024001;45885.59780248816;21065.88302274623;25231.771380113507;69002.38239272455
1024004;33334.025803070544;11838.014327745846;33760.32589581378;69062.20905711365
1033005;8705.847751114154;25588.759048684038;17289.945739696133;36118.404747780325
1033004;28626.59385472409;43991.35484504419;14697.763056565067;13793.88679195297
1046003;70788.81082156891;26252.661260540553;15500.676783333158;61325.73767814313
1043002;41273.06411880713;21131.58892340454;3486.188701087658;0
1007001;50751.92504066508;24630.674844117933;19092.550860950905;23151.487197735016
1048002;84832.6656452002;13061.666639056477;45894.58491936583;26036.266716076814
1004001;28368.79138466153;45241.09259698337;16777.19946962731;46974.459861039715
1005001;33391.76770964152;35473.16303307196;29941.318373755457;39949.78731718968
1048006;106971.99712975539;14261.030221773179;50314.52786245708;39172.20230998887
1043001;76928.33373320391;0;29708.12621538685;19352.053859281128
1003005;0;21881.836632449867;59515.87463864028;41597.132832731244
1018006;21564.922678282703;0;37044.00030901644;18507.4551504406
1079004;33985.71451550938;21858.396492883097;17280.143184957364;20039.75986834053
1085002;47420.530045850595;32397.75205279987;0;7761.991715810203
1036006;31883.144962057348;29975.687824357366;26613.650104608456;41361.35919414261
1086001;4650.138564270867;18152.122645026593;0;15642.638987803039
1039005;60537.98963040648;0;12151.355855756203;40939.38307369078
1039006;53035.76867249242;21959.679661235386;36628.47403789992;20701.532626992554
1003001;12345.586470988386;8898.447173956973;69754.80190917036;17359.87093358937
1003007;43174.773275283245;46152.3462190522;47668.969426544645;0
1071002;87534.37867784344;47933.21782658078;18251.80807598784;27817.29955102866
1086002;68085.72492615567;9004.296839255816;46165.26908432108;20437.140221632748
1086006;21647.125857435472;4371.989507859766;10270.134870790083;0
1085003;77913.97478447165;15208.686095216333;8890.429708466138;27817.71276474416
1036002;34710.33010992739;22750.986102804116;0;12965.157460426055
1036005;35001.43176175216;27276.79224351128;18090.659852189816;19328.039021884902
1036001;54017.64509407256;45367.87433137961;19992.53140712176;41546.34123120081
1036004;42384.057422476;7593.632747182044;11868.541741455747;0
1018003;24511.458239444422;11219.10436871486;28154.602987415077;11717.19275215053
1039004;69186.16569731214;7602.060671646898;18391.176197674133;40718.93908775953
1086003;217.10610523209152;0;12274.625734712847;27429.242141921713
1086004;49240.64940319535;14409.829107560186;40862.27838115758;11612.637839070092
1025004;17346.249678751672;2323.1445064553354;7357.35902976148;28936.675613559382
1085005;60780.67409727563;0;37722.70062766912;28599.514463358213
1085004;66857.8675282347;23143.841372804287;25762.822029288454;35181.364978298894
1036003;14091.00367729804;16400.57503358471;17556.60566945439;33388.9350109091
1058007;100873.94421460234;43307.49297852154;17945.075183515768;30502.574263210758
1018005;47406.81966299098;11741.956296338503;40290.17842975001;10284.736351627062
1079003;48030.12387178604;62328.91160963445;13415.576104433341;0
1017005;9763.054982785688;32592.494894476895;16715.433910330863;0
1001008;38671.692652437705;39123.5010217955;16575.069235676616;26619.840891036813
1038002;4760.701163773991;35568.730992084646;19543.04048769936;24844.884800356846
1001005;26466.73596633911;14856.199040317317;13105.205148127621;6651.538736395656
1038004;2007.2240776338617;890.2591090930628;43497.031704710935;0
1087005;25622.492347300064;41111.068786602606;35859.6500303239;13406.982783655487
1019003;49460.80378705744;8714.614227923405;25097.31496547994;44734.06141025141
1063008;70188.07250499369;0;31886.11954380787;11284.48064225501
1063001;64486.838638924244;0;30261.34954660724;32667.220883309536
1016003;49583.868401723994;44175.064678961084;13858.996979009973;12861.500187725525
1063005;89058.11020630124;0;59079.06342593066;17931.411106620846
1015002;81901.13821935096;4174.342014843242;15601.25468268609;47702.56630039978
1063002;78671.14389897777;0;56517.49174870419;18456.816347485816
1017006;11714.720238190394;1699.9959433758886;0;3138.44951014275
1017007;18527.883917218107;33701.831123911994;0;8602.348244689241
1024006;20004.937869742927;18327.472602402497;71931.99386705467;25178.862870275774
1087006;0;19181.415048805316;35735.056903784396;10358.834155566938
1087004;21266.78190636518;0;73317.81158815057;13288.340921384046
1016001;58144.43190149267;40419.809935626094;42382.699551642036;0
1016006;70348.581952406;41609.87976810037;28167.912692201135;20496.0147468802
1001002;59096.087700777105;25165.083381115273;0;42101.05691910153
1087003;21382.076941355554;12081.608779684371;54952.61683161105;0
1069001;0;0;33322.68076141559;0
1001009;33919.278568404516;3283.3386292138703;8234.745430775212;14220.311595352
1069005;28598.518552661724;0;10897.067139327524;15269.108578998821
1071006;65891.63889519728;0;0;21252.0556711513
1001003;51887.9789643082;17008.711272082106;492.3134774814829;32029.07354360827
1001007;78022.25116824289;5737.594706200059;1891.8907042570602;30271.96222887371
1071005;101061.13426463;5600.572975335209;22232.075016012936;16573.797099340092
1023005;43835.18318065785;27779.83506221313;47981.06443998482;41662.69077626044
1023002;50165.65354430886;47764.7658331599;57566.574140567616;22961.266557008144
1023007;59378.33164446636;52033.843685042724;41358.98415619327;35298.26204821057
1063006;15107.834382823294;42770.170129886814;76426.51310125287;17644.266589871197
1069004;9508.01628181187;0;23131.38270684022;0
1001004;52162.33319349297;28196.752774653505;44212.230889617975;5353.41298472737
1001006;70462.97267380073;27123.92652973017;17229.43506004102;22679.135992019907
1087001;48439.78683842304;7125.2497727389255;64487.557149685745;14973.504782653954
1087002;64684.631213152745;26227.223556666246;52889.67834386696;28769.2211086076
1023003;18035.06128391751;36966.34742041767;45490.24792653424;57420.733779772156
1023001;36341.122104778566;48036.26627371912;70972.05175094138;52812.9165287233
1069003;39754.56018368341;12701.759920173914;0;26130.649432969094
1003004;70774.70260057678;38796.01083294729;29291.657505002953;20731.723363279612
1003002;57834.43527794716;13262.564655725813;19735.63967151932;0
1003006;10066.929905273662;37893.93913965248;69064.43483118189;13916.495692445777
1071007;72839.53776277693;25619.42332523293;16667.887510325887;37916.845462477955
1041001;0;11018.963385758854;46202.98245262981;0
1041002;3412.4753354989566;10916.006245948367;53802.579443168506;10123.936249101422
1068002;0;31424.73840315013;5770.696213479399;28664.051177187728
1070006;12967.853268745195;0;44421.105889064376;12339.271884240197
1070001;34473.05002717876;2014.6794914668408;22324.84171889306;27899.136623658927
1053001;98220.45699430277;0;31071.47342849964;11925.471974321636
1053004;113808.80220083884;22168.044546074747;13097.192556918171;19067.37834434577
1072007;88265.87923212074;20261.466898890027;37343.48762312672;18514.826054693403
1049003;83466.93769371767;11235.384350975126;43707.947798955145;9555.248377411559
1072004;66773.72764705741;39150.09082189068;40050.56918357355;15954.016441265003
1037002;5726.77930028546;8242.025721471255;57834.4069955473;8534.09316426305
1072001;39977.82045892567;29980.71040584648;43823.33238738358;20539.04752664525
1041004;10211.21449594265;0;7163.565963350658;19921.229001939075
1070004;3832.181464916193;10490.415107487723;39102.801582506465;40908.46196193091
1088008;10070.815977907027;22015.747747561698;10764.90291950592;25341.562093882694
1088002;14605.929969695566;14281.641233650174;10383.717764116182;49856.80039137951
1070003;17532.563628113152;15750.657113221156;27112.32028066349;51026.61647587803
1088004;38119.134665173086;17191.14718162816;32954.50771518593;54634.08767019672
1052005;55202.97626289396;15292.302348545643;0;32769.826850319885
1021003;105516.80724664683;19158.04471038849;28275.924640515703;35685.99152576365
1035004;80116.94490768119;33600.90409978216;10121.442560573278;15908.218536260023
1044003;52364.29642040166;37252.18508963245;34128.903313359566;34620.50460286934
1035001;56546.95126382383;40782.94773981277;29436.678654612664;5728.9496615197595
1044002;30061.819721239448;39374.44507311413;37960.651302318416;23834.10082624377
1044005;0;42239.7537103347;0;30168.13260386467
1049006;85758.0261807709;9001.06113082156;31913.828478645297;14960.441277745287
1041006;7226.439743331051;0;70244.26922571886;17464.797067709835
1053002;98094.34354749623;9579.810421211203;16578.249500160604;16393.18940392037
1053005;117848.88243802519;14000.300507348496;13510.272319739517;0
1072005;61870.08901479917;1486.9121731687749;51841.285848975676;0
1072008;96295.85109701985;26360.216776143712;32644.33898499044;13305.996251954
1028002;24864.12625440781;0;47752.73408145586;17397.033629189078
1045001;0;14409.878480922032;50967.2821702078;9394.343644941504
1045006;13000.350959921414;17366.260248073777;47002.32016301539;0
1072009;37850.20743780013;13346.010582902301;77333.35089046214;17314.142157803748
1089007;115801.17936107417;17820.881722879356;54601.70072226541;18284.653118862043
1010004;72458.09350143225;24570.33762881596;21298.968519937167;10703.14901726452
1035006;42423.552555699585;22792.055575324954;42948.544429940135;12006.372012595748
1056004;16593.23679823205;32312.93237271977;13186.49875225475;56410.25063877988
1056006;53427.72979719851;0;21385.31510710869;33359.933134825835
1035007;90618.50523812915;41892.575779054765;16312.20972496592;0
1045002;43028.88291872686;13494.822449453935;33025.902560178394;18697.605454386863
1045003;41579.21777193446;14091.270935813609;44503.216555125895;25629.652559706985
1035009;101451.0292745125;31241.253531523103;0;15035.879995756144
1010003;102754.07881553512;33392.08936997433;50378.87684497673;11532.496546973825
1052003;75421.2827803829;0;12526.803712618308;49379.52471383022
1035005;76547.84382605966;14669.609857250822;16633.35616563126;11192.059639156969
1052001;39175.094155301296;21524.792959361;12390.394813406781;56169.92867508052
1045005;30393.482070841877;35716.526141597446;14804.02189549076;8900.725484138715
1067002;0;14790.416125768254;0;5102.874897556759
1053003;126411.1436278961;28051.915245737546;9953.234129066765;12553.130600604929
1053006;129552.75900746282;36054.25717018127;0;10683.17529524041
1041003;30818.613820663388;9194.865031126323;88029.91337642136;37388.88391155328
1072003;57605.9963493009;0;74032.228619531;20129.394502879935
1028006;58129.99193566928;0;65805.945533877;20753.996161506584
1089006;79147.1970297043;10165.48120379083;16280.207909935812;6128.2763826896735
1089004;50445.28691299146;14956.813894072062;0;33922.49418301429
1068003;0;4629.547478621919;4403.453973304012;0
1088001;26522.589851752535;8306.721508035604;8394.314947057574;24724.22663166589
1022002;111417.81796176797;40619.23721762552;0;9447.398372884132
1022001;81744.5189561805;21937.17119693288;11808.280495692146;29617.946495146156
1088005;37046.69958034615;0;4967.370232126058;21464.868286206936
1088006;55242.64825835694;14424.959719424238;21148.98600082031;32166.934408031735
1045007;51206.8594559138;25990.607349322396;10121.202175864935;26529.51083755719
1035003;119686.13385025557;17611.205706595832;0;19885.073511816987
1050005;159308.69426493553;10427.938133182173;7550.643525472561;48426.602653497604
1072002;91736.18425207383;11737.216328414;33818.49732195643;1830.097199209601
1088003;18709.35027161296;12344.49436923653;0;35487.30527572674
1088007;43424.06268493405;0;10272.187023600509;14928.992147284782
1010002;104679.14089966383;23674.130069302744;47214.629432751004;21711.261460023867
1010006;73945.24891942106;37836.80794323738;37532.5871755059;0
1028005;32535.945052121562;15909.089209944743;14511.782870082021;15689.56022727199
1078003;25924.193009252962;28635.985721432426;0;24205.50839762217
1072006;86789.07617603433;0;54577.81934375731;3661.8496282086485
1061006;97919.08914232795;11529.128824263877;47871.496824417445;18274.08619857749
1061001;111914.93269369;12507.364135626118;22440.79191220569;0
1053007;122556.39734832734;25080.09423896404;12136.269656595321;9290.921978337461
1010005;38145.352993834684;11294.528492334566;21614.064606757518;15276.898091089388
1088010;15312.11208565365;0;21590.09213260747;20965.095352901328
1054001;28519.308743300346;15864.691807410669;33679.26993147678;12371.106135586584
1054002;38760.36347271629;19405.791025212162;34076.49717557894;10605.460494784234
1067001;5989.1945382822105;0;0;12436.78388318284
1022008;34248.07773691489;17221.13479863528;23976.80849205979;44273.0610908005
1022009;66246.29558605912;6130.842774104847;0;44586.410841606346
1077003;36330.15410126855;14628.27311683321;7411.7913343366245;44725.98992766791
1077004;13189.037680328627;0;17446.5918386986;49453.20208557494
1077002;12732.971296622742;18843.574414793224;0;18975.860970930626
1078002;22530.25816866414;18790.13157954541;9187.779920033556;16507.34844474396
1052004;95064.53276533705;13307.016430922726;42120.19827825016;24060.37860888565
1010001;62021.18304561479;18728.12400008493;28822.110303117253;10774.98069350015
1052006;118434.44268899712;0;55069.30213594757;15561.746980958129
1061004;150029.50267771678;1920.2516503240938;9449.105988937092;32488.062654404883
1061003;69336.36762592733;2259.3746637516433;56266.62337220962;20937.59986114761
1028003;70953.21103701777;13810.8822673407;34083.489847014636;10784.894820731715
1054004;43621.937462949994;8942.427747979089;26231.53989727498;0
1054009;63455.19921715643;6489.497064383344;8924.642095441717;13084.680171511642
1054008;84525.36936887953;12983.817792232026;0;9788.565535506981
1027006;63830.19211386959;4201.010044372254;10631.051878200256;34234.05640562772
1055007;85722.90562770327;18431.850926955645;10119.857187092697;23449.924702291413
1055001;91978.11540703042;4231.5759603114575;26090.89541252895;0
1054005;69765.06609198937;12307.472429581847;8352.295160880723;0
1054003;24343.06644705392;31335.644047103342;53367.24285755267;24111.24253828994
1051006;77708.6342364773;0;36352.12845456553;11803.883633380112
1051004;22523.807631584157;13274.236643935472;0;22941.67933767734
1078001;4935.272184654623;9104.146273010816;10733.598449272595;11746.861668883801
1078009;1646.7834791206913;7124.740492538415;0;0
1059001;0;24781.857048013306;35731.86213286666;15993.246180526212
1059003;27265.474163912426;27454.973679497707;16973.69460707615;0
1080003;19060.10756923994;36057.33498998221;52026.60488322621;14053.147814073198
1080005;34637.44555490737;12999.624543014375;13511.56342455092;17736.161087257944
1080002;22107.019268878976;41665.067210549074;48028.92245670093;0
1062006;0;29672.882986931967;45745.71511943245;20530.84647036487
1059008;7759.463052952402;0;0;0
1059004;12434.471817397707;16648.81181754664;5100.9351814761685;0
1060007;40679.81983018699;41604.59575950999;53942.144779845905;12687.056235246771
1076006;8977.855211950313;17550.678584836187;43288.00084922835;16368.282415057085
1080001;985.650024041571;50866.44799344893;65914.35466524736;0
1060002;58204.03547994508;17994.36625514135;50887.82965989268;9512.736555266982
1008002;14950.641375899513;17649.45556871753;52848.35501658153;8445.0007320233
1008003;39066.97670375223;0;29706.46456897211;19032.303267255844
1008004;12358.39784265977;25663.996109133474;47366.49977910925;26475.649555044394
1060008;63695.18750083541;0;14886.297827045808;41773.05662385205
1076001;45363.67296255271;8359.427806769952;1016.8266723576371;17376.49213376547
1076005;74988.12358420728;3412.917264410577;0;0
1002003;53744.07013483818;16301.420989477761;0;11342.535804516709
1002005;43951.13772468214;17357.9861018215;0;17277.433334901536
1076003;0;15088.079434561285;33329.77835956706;0
1076007;50261.103894780965;0;9214.458491389169;0
1059005;0;0;4790.7849192056865;6628.018200709649
1059002;0;0;10938.474865662574;0
1062005;3199.22799997646;19362.042489980835;0;11659.320049991546
1062007;9421.839103692086;15616.053040717543;17860.481077701515;0
1059007;8114.949982733538;0;0;0
1062001;0;14087.107154195117;26332.349553801112;0
1057005;52837.555244372365;5514.773325997789;31257.43970193613;0
1055006;66636.46758644743;0;13828.58773573288;9695.099798174915
1055004;32156.37653430804;23452.850699765313;8103.47470816348;26543.13261807209
1051003;58456.44174541726;4725.990334139426;23145.623926917393;0
1051001;53609.790633586024;10231.054424981772;13822.640706332639;0
1014002;145361.85834864445;19538.165647159636;5191.162100167357;0
1014006;183960.7270727998;0;0;23985.53841712485
1050001;144749.0430854836;0;17847.336760497034;32722.23882670435
1078008;2298.4802513684767;0;1268.4966056418323;7436.491865476093
1078007;4068.1910075556634;0;11624.162051155185;15810.613359424486
1027002;54544.29533382805;10845.312880049678;0;36025.8331824564
1027001;97473.85588776006;0;15582.93754746236;11348.359054639599
1027004;65855.23908221583;2741.309416917889;0;12586.265465076882
1057007;34293.99249667901;3271.0576957409908;53047.02717809356;35889.291799096645
1057006;49008.642262925685;15506.954022453672;38985.05549416907;9237.817327408953
1057002;60375.64502087549;11786.583545754915;53167.1150854969;8827.651224719017
1057008;47349.921784785925;0;40478.363875002586;22254.45006296235
1057009;28734.54190578546;0;34818.51848219622;13518.434617887806
1078004;0;2442.132443622545;14561.772006965095;10072.88079881863
1051005;60422.1882425845;20354.756798147213;27554.291861040987;15852.032352054302
1008006;32286.269887637573;10327.625466583304;47187.95725059317;18037.85131086597
1008001;29132.400382185875;30826.568289725576;28272.442950030898;15349.874860180422
1008005;3383.9475079803715;33538.051705238286;43866.79960299421;0
1055002;51007.30454170478;26813.553264781924;10013.359558568205;17081.396710777175
1028004;47016.11699135117;0;24379.748208372614;12786.449339597762
1078005;30181.639180832102;14647.820747051386;19288.551041757448;25740.515360675363
1061005;108160.65951792324;0;32154.029932908128;19794.483149072512
1014004;118793.82382603291;15351.362777469118;13629.052350009111;0
1051002;43034.485758442584;0;10509.232121854131;15511.840592994919
1027005;83198.05527382622;0;16222.97108013729;12091.20393273162
1060009;18819.286608780254;0;16998.42234762498;19337.03187823424
1060006;23786.408771042115;10859.754260342279;11686.510104475066;34707.11614883277
1002004;39821.87140545787;13752.300876350579;0;22670.17092681957
1002001;20749.468548174562;17103.563266407993;9798.904820129774;23894.45070213978
1077001;5728.671381359711;10716.621807282485;0;15548.1024461837
1060003;24516.185849442896;14998.083004904303;31479.840914517747;10998.651740180841
1054006;73401.30644019882;0;12174.596430370095;11856.907866769907
1075001;0;0;12013.125888967787;464.6411190477892
1075002;0;161.4097899703542;5465.2751846569;0
1050004;180327.06137945902;1604.1183632695634;0;39048.31417640674
1050006;189671.14619900592;21555.84681254562;0;37721.532821637535
1057004;14105.042370929592;8399.799490892568;26148.922373674024;26095.60973499275
1027003;49491.46763156398;10446.977135285199;8238.352621667018;14036.080094163275
1055005;25150.461411886754;49409.1132596162;20026.052701456825;19185.59544442951
1060001;32586.171055123414;24394.597566927947;40881.692625135736;0
1060005;46209.39788393309;0;17938.612192046105;36191.962273633835
1025001;7155.22891716119;18338.74056684968;44140.783022502605;19855.34992780042
1025003;27552.99469418902;12333.46591533742;11960.254356563984;7458.787900311483
1044008;3366.551019405426;60702.023245097094;20584.845101499803;15563.195024740531
1049007;64909.21310099432;13289.730606676876;46643.548177038625;18499.381311675726
1049008;48345.86605153422;16241.075519750773;20614.3905971646;14570.71195312337
1039002;80755.35871412679;12216.997118388561;0;16493.83733717645
1071003;107185.37382335868;1798.4331767827823;7221.014278628704;0
1021004;81062.07951826153;9416.950925010917;11905.230038388809;0
1037007;16080.318987440269;4972.682486025747;39594.4251304027;0
1037003;0;0;11253.20794759493;16169.076844057225
1025006;1681.879082227423;4125.741188795848;40590.98979278674;43285.454839631646
1037001;8712.151771735973;0;49922.38742410197;12987.804794440674
1089001;104320.89979036075;5536.627496312185;36192.516496659264;0
1058002;116631.24845763309;0;65458.87745820672;27167.65469983097
1058006;90041.35977577425;0;64686.00628798168;12492.26277728567
1070002;40192.02238347947;0;18168.900999687223;13308.236683750607
1049001;61763.517955430034;26473.778890242593;20742.800852047767;0
1049005;26548.136438676804;13472.579953907183;0;18022.5732785071
1079006;26786.078665424357;8714.031424867739;18399.743102048404;40467.64343411534
1049002;43415.18524822568;25261.016108561344;10977.700801837145;11704.988691993287
1021006;122767.39719997949;0;33345.22609371354;22782.665081712432
1058001;113384.60593011849;25567.373989147945;21283.20924026989;35091.036003991605
1071001;118365.73060586967;30146.29320253051;0;19322.627582781282
1058003;113494.80880022177;12435.199367506886;36797.50462889199;31231.577316914903
1079001;48148.066544109264;8448.333407879343;19964.93132379371;33970.94809689116
1085006;60793.01732484717;9484.339533894592;37432.29304009327;23999.191541701766
1039001;56866.32705419515;0;0;27192.002915855574
1025005;66085.07315700912;13385.620221982561;6631.758763189855;7922.256904486607
1021002;126683.81724054451;40375.6834017102;0;15907.931605347077
1021007;93870.01008899928;23938.375041717885;7126.536640881249;14726.162800356175
1058008;70110.60204022615;8268.716566869805;51089.22483426926;0
1044006;29124.6491701628;44007.65060546391;44355.71358273337;10552.509278670586
1044007;30302.77066592969;43438.66051883598;47513.283415817874;0
1058004;94289.61180372877;0;61285.767595800986;35143.29776447191
1044009;18868.225541581505;44383.30816687242;29121.333671220676;18093.065000262883
1041005;13007.796597131073;9642.384490522774;41817.539955169836;9930.56307731536
1037005;0;17735.763440247963;29295.10166602402;21290.53801242707
1044004;54250.17754867292;17749.509984208205;66153.74942300282;5585.829749299808
1044001;59365.119887453926;34262.9587996956;53559.96995453597;17062.394296590108
1018004;83192.76752266023;851.5821821464723;39435.53700797858;14494.858739197116
1063004;60375.789442479734;8744.114097113124;64547.97206624586;0
1071004;80449.75468189552;10434.061859472313;523.2766396106769;26281.04236828749
1063007;43450.535252509;15805.8672860412;44973.26707110915;0
1016005;48259.1253458351;18060.185061173484;45787.467679058966;11598.85359430621
1046006;56777.52541181338;12259.761911863603;27399.030147676986;81986.81628365396
1024009;54542.899772138284;18744.73988356515;32928.329214626036;74431.87070839867
1022003;53752.55854495293;0;20004.956381070806;63369.47612153202
1016004;45369.79009733363;4707.384859395662;65382.93571848582;29291.18781282027
1029002;29566.81905872579;34627.24837653869;13904.243415799894;39146.10693795697
1022005;66784.4086530492;10814.49493775579;13506.901500185379;65022.503110846985
1014001;155378.9693505866;28818.368428607602;0;17338.21880390085
1050002;197079.63583183265;9092.61089614422;11936.436890809857;27251.731431583423
1067005;10546.669733864836;0;7786.125342126871;30721.501410453388
1062002;16696.380188521987;32086.585009742066;25935.38174323455;5673.811341657459
1029007;43675.23814204017;62631.26506282265;1391.459590208617;31777.93135603271
1029003;33925.130015443385;39406.63113159768;8766.731993819787;6242.579731404697
1040001;18794.75420633973;0;45486.39883493213;3781.641443233552
1064005;51953.502883161484;0;16289.999344282627;0
1021005;72916.23142781718;12484.687081745531;25792.21639003999;11229.407666856052
1029004;57551.54989113791;21092.731789369955;10156.14490743039;4848.380299969636
1029001;82820.38228685904;10909.392983904858;37764.795207034855;0
1056001;29906.19366088141;41839.073434525315;8561.825056989821;13752.111927264184
1056002;5305.1577574743005;49723.77125613356;30513.008743604696;0
1029009;0;66842.44164316423;16199.949371757964;12104.061183627431
1066001;36311.017881977496;14374.801093276565;20628.368191148085;4347.2267119378275
1066003;1101.7745289912161;28041.97885587665;39978.46519140306;20983.272684143114
1009003;18187.941238374082;8492.361859769286;36851.04849324142;49334.27353826904
1066002;48860.12225130214;0;31322.940514888567;0
1083004;10459.186735804746;18931.029353639457;6581.43898224723;32062.63980588464
1083008;11495.616220139596;4757.973951965835;6365.270954255203;5834.649705931948
1012002;32307.39667620514;0;18449.216722444547;55158.9355894176
1004002;11974.303581576693;36217.087526621806;25288.48059816986;33193.97604923692
1033006;30788.289036023078;5260.006996023995;38038.386052177324;28057.108902827036
1005004;4515.088276748573;40177.899868483364;18416.303095129595;56843.4837398667
1038001;0;32409.10186018467;10101.398147456734;0
1037006;11869.72762890385;27498.26510836432;15144.071864719954;29812.951621149405
1001001;26992.630121157385;21892.31352899592;20245.86758147441;32896.87806983375
1068001;17618.556493391952;47147.899961289986;0;1904.2490703237286
1029008;20178.211719078965;61089.20165903025;0;33111.78182955734
1056008;33440.47868171199;9451.742896615067;13726.23533727617;36789.472780074924
1035002;119334.23333536959;16458.031028716276;16255.613481759145;12492.757370198648
1022004;84947.10196488311;38889.46436981379;10958.425916747552;15003.247965023093
1067004;9554.531621814147;5130.926079873371;19017.287614978773;0
1059006;2438.9012070432996;12578.379949251637;18852.567523028538;6896.726654325133
1050003;177856.47882188554;7771.064986427575;47282.56289451393;0
1062004;16838.781948084736;39979.919549245715;12161.46215276186;0
1050007;181434.97044149082;0;34117.22160489674;9660.64959545357
1079005;56616.85783631319;36033.739849415324;23654.139047043165;9467.72847721311
1034004;12710.36248470956;27683.78713803474;16089.736729388806;14604.274079496858
1065005;25976.490165982927;18449.775310188947;9078.486571421972;103111.79400575858
1081004;8730.926738063383;27905.67246760638;18998.874889849165;12997.699591692544
1031008;23479.3847025175;23599.85244327624;12651.123954044213;11070.028534014373
1081001;23207.515865958972;31612.806918383936;0;17066.673961632037
1012005;55523.84558065319;12287.31612993876;13217.345597031435;46232.33124443355
1030007;57877.53456544406;3851.12762806344;11991.78274539255;24925.03253201643
1040004;7181.5102283575225;8460.886350239325;57430.77388868497;41962.94526510206
1019002;37039.84315757146;8391.188646402243;0;59683.08732818659
1038003;458.3611833498636;7163.523243249202;24626.511385058995;11605.111198672435
1012004;71474.74223447342;0;23681.316957873503;63746.205867361095
1026001;9978.418781644032;17017.71556420995;13501.467056545785;45814.751754534125
1043003;31235.115114494707;12874.691834322264;0;12171.700528662735
1039003;72820.5162880751;0;26525.28150599541;36083.841968798384
1018007;56951.62611757779;14280.93464590179;0;9786.623017604166
1058005;74894.28336298;35795.4321250307;34209.97813444357;13307.666669353468
1058009;56993.17944200788;30327.48240514431;66743.95357354124;12155.275648729097
1069002;25090.972423382973;0;23597.732064648615;7718.892717589085
1079002;63995.109014483474;42240.71622482483;24136.391633390915;13357.171330370778
1023004;13086.950797611096;45291.84452934946;75362.12143387165;40578.113592307345
1023006;39986.19530813705;53664.132303222825;45072.55189473531;45757.400656229765
1003003;25805.565670217216;24802.66738905694;49474.79999666683;1629.364802771296
1045004;56884.23146569776;0;19806.147802228403;36287.95982117857
1089003;78435.29969053398;0;10666.64484913544;8912.347145917945
1089005;91147.98436185505;5873.488714667576;41643.71739184302;19943.992053321654
1056003;53938.64026034164;2003.349601347641;15387.177874906034;43787.874571656444
1056007;25320.54493227609;26077.013734412278;20029.04289848479;24002.76636473452
1070005;0;8919.39868504327;24689.255421881888;50857.127700658515
1052002;59576.72221951604;18175.953502553977;19193.755377493853;45743.57295959631
1054007;4494.973218391228;18974.375402161164;32721.49742569391;31483.980412704546
1022006;48833.76747350206;19668.02865882938;15986.748624383259;52805.03018828239
1028001;42444.335972726694;18671.160306217538;25255.0300450128;0
1055003;98839.7315287254;8839.512699430526;10108.371406526916;9122.542027111946
1061002;135082.55782798614;0;4512.983946535149;17162.848150109818
1077005;0;15508.79611306441;11930.739126736958;31702.96566931444
1002006;26292.918782374796;31589.654154068292;11391.373990950678;25425.704349607437
1062008;9682.72997256054;14292.318135812407;42261.29283178584;11708.911001078332
1080004;59760.999929799626;13801.017918798221;26676.017941222184;13788.203611738436
1002002;70472.2390425785;8823.427228715665;9072.668125353053;47685.27360043601
1076002;52401.37537901043;0;14447.75667497564;13219.584745085123
1076004;46999.1379626825;8804.660932378345;27912.254463271627;11971.357849625854
1062003;2291.343019024566;0;21989.197601517444;10550.315193648346
1057003;38500.05937438405;6083.117083678057;25184.99649108773;12073.733834663224
1014003;154924.55993957608;572.6865885211092;0;11116.115522463082
1014005;105804.87278513935;0;20467.688614395276;4038.2934989114647
1055008;44051.78631774691;12795.87425015917;0;18850.418646583807
1078006;16249.7114325024;13646.31714274446;11944.748154377567;8279.96579412809
1060004;35455.34072255816;10100.792011047184;44435.60584835081;12413.643564899821
1037004;29137.900165054412;11530.478261382836;10977.848510043428;16615.071015121444
1018001;41402.263159792456;16012.986606767423;12852.690562285086;19425.05504351632
1018002;65332.298469479196;17053.752981785947;14064.336421887772;0
1025002;42405.86053291394;22365.57229104249;21295.54816516135;0
1049004;69728.12253352847;0;42157.08463191479;24568.275451530935
1056005;3755.9228169678945;45870.481844107315;28327.230837591782;17867.376739552372
1089002;140927.3645489372;0;44929.89761085156;24580.386549460472
1063003;76796.63221045004;0;50516.09588748647;9314.251658938789
1064002;21417.03728377133;0;15758.34587199378;32042.48463956015
1064003;9819.504329505035;11805.068228858603;0;77483.1083097555
1065001;0;7086.634393648782;12514.7712738076;104667.50545568424
1064006;23001.32608214123;0;5856.9612749026755;55782.45354442389
1017002;0;0;22394.747444947305;2674.4627459272215
1017001;24487.97905766047;32760.60932310212;13769.888589548882;0
1013004;29279.49453367142;0;1610.1059145768681;0
1021001;129864.29881617107;16928.731358772213;12739.632701411876;18349.800074752267
1084001;0;0;0;55.5713174344966
1057001;23979.20873543519;7820.0859968315335;26799.338050736478;47901.10036974063
1033003;65279.8757994245;38600.83964007181;11619.708029866752;16266.431677191045
1033002;49133.653249707124;58600.82919854041;9257.148025578379;0
1085001;27224.398945715908;19920.45441818912;34693.65957892608;36414.058619024116
1083005;0;0;0;10124.107368463961
1083006;0;0;0;6152.527211202124
1029005;82165.68501418912;0;15855.362367540907;13243.953673438826
1064001;47383.88888129609;8083.053933540929;33110.48308982175;27477.927107264284
1029006;65341.246104784455;18304.93598109653;0;36876.773976601515
1022007;83647.4880020999;3835.3250611914086;17945.427222419792;62305.34995014239
1035008;116210.11954587919;22490.837178456575;9681.960069191162;0
1083009;4226.380100644574;0;6140.828882871278;0
1026006;238.11125497531387;1743.6995119509177;0;30214.361824255724
1056009;24134.578537444544;17579.0759241177;0;29502.626469390936
1065004;4267.497881586212;5904.164461936841;0;87748.591559699
1086005;44052.689267563896;0;20289.143966258474;19147.141223774404
