id;dist_very_small_bishop
1065003;384738.70569631044
1065002;391773.8934088145
1011006;503972.8041294549
1009001;477034.68738908187
1011004;525401.4928192124
1009002;438308.7563453351
1031005;466977.493796403
1011003;553645.8269212176
1011001;545172.0911314085
1011002;519217.2189230864
1013001;554377.2907606359
1083003;556815.1455441723
1083001;567212.401715917
1004004;513631.80658817803
1031007;511072.9584836937
1031002;507599.4756086756
1013007;526838.7794791373
1013006;552618.4643453609
1013002;529719.4723997412
1083002;597578.3359019409
1081002;531242.4522233662
1032004;467936.78010143596
1031006;404119.50087012176
1032005;436808.43343995546
1064004;321945.68840895675
1083007;575674.3012749158
1011005;575183.1665459231
1034001;535902.6863850523
1034003;509137.88195361465
1031003;482890.9524672592
1031004;532798.042404945
1032006;430763.2327591927
1032001;459884.7902900629
1081005;536489.3342922849
1040003;389638.95401487936
1081003;497420.5288007565
1030004;520029.55253846006
1013003;543102.3995293404
1030002;513666.04811306956
1030008;480013.8404845107
1034002;514652.78933865874
1030003;487214.7803372495
1030006;514571.9800898699
1012007;494986.34542591445
1032002;464899.5392164583
1040002;420128.10497485596
1032003;483491.48393158935
1047006;479848.3545491311
1048001;456207.62611511524
1031001;516804.263193593
1046004;478501.375258127
1046005;480975.51786193455
1030005;474158.3664843228
1013005;498476.8313608557
1030001;456091.4348816855
1047008;505498.1702122384
1024008;409490.6096257029
1033007;455127.236631787
1007003;369991.22397391836
1026005;376182.7095380258
1017003;444854.2753914895
1019001;379443.4810510851
1024003;368765.3899767171
1015001;385681.99285118317
1015003;349380.26313218503
1017004;425431.4633966173
1016002;419565.6090377732
1024005;436498.14844363683
1024007;403009.46017157583
1019004;337210.8524562571
1047001;507074.995029593
1047002;470253.3712035855
1004003;514333.7686873871
1005002;474658.9319406685
1047009;482371.95254091715
1048007;438720.6921105607
1048004;419698.8028771663
1048005;462978.0792249754
1015004;356234.4209931002
1048003;425543.53429062176
1047004;478950.1364761123
1012006;453933.08799263346
1047007;498308.394249828
1047003;473072.8688500881
1046001;454843.3624527668
1047005;465953.4761851205
1012009;450087.1689233998
1012001;438628.38724659296
1046002;415070.7519301811
1012003;403365.3406527797
1012008;424367.9140760742
1026004;478835.144800822
1026003;446161.0881724252
1007002;416831.783518152
1026002;418967.77908443066
1033001;452435.4229420688
1004005;490115.197490329
1005003;459785.2602708863
1024002;440690.36695990805
1024001;437563.1702513981
1024004;402949.5447747671
1033005;483338.74537579296
1033004;463732.7999698559
1046003;430783.4649396096
1043002;355812.61579837685
1007001;413074.3507013195
1048002;410051.5298731328
1004001;472819.4873711385
1005001;443222.37725522154
1048006;398122.76274374296
1043001;347212.78624650557
1003005;232715.56125165345
1018006;194599.04907745274
1079004;313371.59077646834
1085002;366684.8850781693
1036006;248498.20268516504
1086001;261527.17548978352
1039005;241440.52676860828
1039006;289727.2718619481
1003001;196988.89168699028
1003007;201734.73587993564
1071002;199866.61360174807
1086002;319137.6013240301
1086006;290843.9710401876
1085003;355485.27516253444
1036002;197826.7180244999
1036005;220359.23801909902
1036001;244713.19867784245
1036004;182087.20897157546
1018003;200688.29776720933
1039004;273134.1577035328
1086003;277441.61627312325
1086004;318916.18109632854
1025004;267097.2200906245
1085005;413646.58687309147
1085004;381628.8473441014
1036003;191744.8996958759
1058007;165562.26092635898
1018005;166494.68755524277
1079003;363296.7836982485
1017005;395599.32537857076
1001008;311352.8217718526
1038002;333633.2205396692
1001005;307794.24796344544
1038004;324675.20642569906
1087005;310986.375635034
1019003;319468.6887872856
1063008;282933.4601714831
1063001;313674.7345734739
1016003;389402.89311220724
1063005;324816.6240626124
1015002;346833.3268876662
1063002;327145.3507131121
1017006;409051.0920501411
1017007;382638.46453010297
1024006;369798.3017873124
1087006;346284.2754165659
1087004;335833.20877425553
1016001;387794.2896164938
1016006;355119.57162452885
1001002;275147.0623564803
1087003;317097.9214161206
1069001;307218.8233977511
1001009;280471.9880803453
1069005;264599.2750153406
1071006;235903.67513311325
1001003;273613.9328482793
1001007;257020.3016532233
1071005;228529.87391193293
1023005;294621.6908156326
1023002;294914.525379603
1023007;258790.02654724088
1063006;257887.44199374877
1069004;340322.28483701026
1001004;314386.0192314645
1001006;301903.28889953834
1087001;299859.8840058223
1087002;280442.9613408469
1023003;247586.07669368878
1023001;278890.11943374726
1069003;256990.56370049075
1003004;222322.46120203976
1003002;239891.6537749011
1003006;222916.14861037847
1071007;242915.56012038226
1041001;162033.41151420848
1041002;144042.083334629
1068002;181915.92530751045
1070006;216085.40935347378
1070001;183121.69707725462
1053001;279866.18873539486
1053004;254638.09008722374
1072007;254204.80059186992
1049003;271996.64434665
1072004;239886.6288562294
1037002;196777.8300382937
1072001;211868.38319510996
1041004;130410.87059957073
1070004;205462.84682258588
1088008;174910.71143223267
1088002;192309.15590469886
1070003;193942.2005267038
1088004;179850.65002593125
1052005;142858.37665941883
1021003;99934.11961137701
1035004;327768.3591032512
1044003;341768.6631105807
1035001;360257.54149822
1044002;370967.3589014419
1044005;410964.0652170343
1049006;305585.45354879904
1041006;160362.16972581742
1053002;311554.25253100845
1053005;282646.16438413656
1072005;211666.88432446768
1072008;240741.4339184483
1028002;129465.09272473327
1045001;132524.93857193785
1045006;101188.7940083467
1072009;189439.75038757426
1089007;82695.66314112794
1010004;39412.60827327957
1035006;377524.23541402887
1056004;409312.87671436433
1056006;400065.4912220584
1035007;347455.4274977901
1045002;73240.94443363447
1045003;92443.97875489762
1035009;322149.85428878
1010003;72355.52434801993
1052003;112660.83446517013
1035005;377305.21557299065
1052001;164772.2210423055
1045005;89775.0248439346
1067002;59385.39286670214
1053003;296706.03228387196
1053006;266992.41767089604
1041003;167883.10190635792
1072003;181425.22334006618
1028006;153568.55419108228
1089006;46249.83977420521
1089004;18775.53386281978
1068003;142246.89687243107
1088001;163984.31208088112
1022002;380426.6521582455
1022001;395760.57946329645
1088005;180327.59305020576
1088006;155056.66293966287
1045007;68246.7972680618
1035003;319900.8971704562
1050005;294571.14801419625
1072002;224662.29536616505
1088003;181485.05717154237
1088007;157251.28287959003
1010002;80563.88799470101
1010006;43856.96230202921
1028005;97612.8746250696
1078003;58905.979060652666
1072006;207860.38904517618
1061006;174579.3297986687
1061001;210984.12007778033
1053007;244270.6590800491
1010005;10698.557360237302
1088010;136542.81323662968
1054001;128192.01882440806
1054002;134287.65765937435
1067001;108254.3830911482
1022008;463214.184223592
1022009;430974.55759773543
1077003;22699.64467287455
1077004;0
1077002;21668.365958808874
1078002;85410.2157987865
1052004;112629.77917639127
1010001;37207.52526753857
1052006;97428.49585610718
1061004;263790.90976716415
1061003;171338.404622911
1028003;141472.0126752967
1054004;143989.17353562993
1054009;178983.80625919488
1054008;175650.64741363234
1027006;143927.56969336962
1055007;136054.53405915026
1055001;118674.61816265587
1054005;160920.53343855037
1054003;111696.94472443468
1051006;63524.514042761395
1051004;13877.387951586505
1078001;55486.70069007464
1078009;69533.88441222212
1059001;60585.69235543836
1059003;69300.37614366089
1080003;63926.10691114183
1080005;75122.25976199607
1080002;85156.81992206602
1062006;39320.14261491509
1059008;62810.29383683951
1059004;51337.586618687055
1060007;125580.48684867755
1076006;116293.78864321717
1080001;70681.31553368022
1060002;119261.04551344794
1008002;102420.18081026441
1008003;112226.35249796214
1008004;82338.43713455375
1060008;94293.67528348767
1076001;160927.61131599484
1076005;190042.84908732015
1002003;93797.47928155141
1002005;98869.72735777617
1076003;115220.72714207186
1076007;161809.00124830805
1059005;0
1059002;0
1062005;27540.668363848574
1062007;12788.020314171437
1059007;21846.424073788192
1062001;42198.16553290305
1057005;148135.92130465547
1055006;146701.50615411773
1055004;172403.62436508562
1051003;73144.06017704602
1051001;53318.000402847174
1014002;255290.94159888808
1014006;281443.6716551669
1050001;326071.97437343776
1078008;87449.4797011253
1078007;90235.32815379748
1027002;137256.45910186812
1027001;180187.03635864018
1027004;150155.6827192858
1057007;92376.31795683665
1057006;124223.18463090374
1057002;127111.52943847116
1057008;112791.39552088299
1057009;139022.73863140383
1078004;65187.39003535159
1051005;105292.95951254675
1008006;113856.63127716961
1008001;127990.31074225322
1008005;121298.52612489939
1055002;132126.96766713107
1028004;119478.25898923937
1078005;115176.51813402004
1061005;185285.41431996797
1014004;217011.4946525417
1051002;48355.58356512989
1027005;187579.8863284996
1060009;71533.1035231739
1060006;62893.494055194424
1002004;67693.96405271898
1002001;37692.59886709256
1077001;37897.06422945881
1060003;106603.79978141341
1054006;158634.98678651146
1075001;62800.72508345163
1075002;70422.7432501265
1050004;331459.0903797753
1050006;303239.1019211315
1057004;168197.5508712044
1027003;135557.42242397196
1055005;150956.44757367243
1060001;110845.91726463109
1060005;88497.19145039674
1025001;238205.4776774551
1025003;256222.92148244922
1044008;402608.0649434149
1049007;327952.02958144015
1049008;303380.7076562187
1039002;214395.3068568625
1071003;209674.62832869714
1021004;169062.7421908351
1037007;213379.1086894462
1037003;245976.7910502447
1025006;229991.50319564005
1037001;199751.24634526423
1089001;71798.37842085003
1058002;110460.23720501944
1058006;134722.3377074393
1070002;206323.42616531538
1049001;292692.33336440526
1049005;264084.55357607565
1079006;301057.98061412503
1049002;250817.99244312037
1021006;118681.64948782376
1058001;152169.17642636003
1071001;169907.36027912758
1058003;131227.14673877208
1079001;326017.35404368
1085006;356909.68061998714
1039001;243122.1075053184
1025005;242838.79481522928
1021002;180762.8548756237
1021007;201308.8358016839
1058008;154359.79171133606
1044006;392846.68465571344
1044007;366880.75679497723
1058004;106438.5810995712
1044009;392827.69753825234
1041005;179272.18519072232
1037005;209046.51756806884
1044004;363914.68471594923
1044001;337249.6405014624
1018004;117373.47684481768
1063004;299688.40375842043
1071004;213613.4897180632
1063007;274515.2128488765
1016005;363542.31038710056
1046006;407758.2622499555
1024009;418201.1541821889
1022003;463206.5785144267
1016004;329311.9497279863
1029002;500167.1526029687
1022005;464743.1177269298
1014001;269630.33263309684
1050002;306798.2620980224
1067005;21985.602657447762
1062002;61291.57745859932
1029007;548134.1482091253
1029003;519593.79480290756
1040001;342386.68937110546
1064005;312460.84069054475
1021005;151294.5250227647
1029004;527113.6010735574
1029001;555416.3414011769
1056001;464756.36585952353
1056002;472530.01762628206
1029009;496919.89314619184
1066001;526560.1749733131
1066003;481834.5942552121
1009003;465492.2340223514
1066002;539344.626674779
1083004;559329.8009854336
1083008;525785.6499810333
1012002;477521.82717303454
1004002;517339.12201912707
1033006;466157.4154758995
1005004;468324.61671389843
1038001;386369.097905623
1037006;237733.50520073881
1001001;329840.2925349343
1068001;177542.46727168237
1029008;524684.0109290502
1056008;399139.8031677434
1035002;343052.62161434774
1022004;402554.2281499649
1067004;88473.46516603674
1059006;57295.42427423038
1050003;297463.9448809459
1062004;40344.082585146214
1050007;297932.6180436752
1079005;332247.87073399697
1034004;543182.9665015597
1065005;423389.0849435478
1081004;525939.6670064834
1031008;515018.79620238894
1081001;493290.5518799123
1012005;469958.4854703534
1030007;487402.15993177664
1040004;390511.17257393646
1019002;353095.8672341005
1038003;379800.42613906844
1012004;447464.4151743287
1026001;432009.46809978824
1043003;356710.9140920194
1039003;244151.23243762416
1018007;150071.10026133183
1058005;171707.7339637571
1058009;183127.6157529065
1069002;298646.2968151494
1079002;350076.4044893948
1023004;256638.94585225303
1023006;258245.47504970958
1003003;245718.10170221515
1045004;46395.98011039
1089003;46279.328122983636
1089005;80243.17312324635
1056003;419944.7753641231
1056007;449483.0446438164
1070005;203589.4378566973
1052002;148576.85644198427
1054007;101219.81056731343
1022006;428548.6877427197
1028001;108766.12112925794
1055003;146678.8824767947
1061002;222269.17226898455
1077005;16528.874028668262
1002006;90784.82365234745
1062008;31791.362729750625
1080004;100018.31626753582
1002002;100902.96569173939
1076002;168595.53484913884
1076004;144451.55187533583
1062003;19441.0523134652
1057003;164800.6883843208
1014003;240211.8878254012
1014005;222447.28676332106
1055008;142096.84228375592
1078006;95607.53095349652
1060004;99222.10191752309
1037004;239172.6559541743
1018001;123265.73011520601
1018002;151050.3756856411
1025002;229673.2561011599
1049004;327286.09455928433
1056005;483150.77542068687
1089002;108002.55688523364
1063003;302368.9372714202
1064002;370566.50014318794
1064003;380647.06838644657
1065001;360268.28049879434
1064006;346203.7003101014
1017002;432912.7028800435
1017001;392287.3080001017
1013004;593140.9264404674
1021001;156052.06618607606
1084001;475944.22292019374
1057001;63630.39889319967
1033003;459029.16846766026
1033002;421975.24716933694
1085001;404040.6128764045
1083005;526926.2213058502
1083006;611444.2597943589
1029005;529800.1028837247
1064001;338891.6624743839
1029006;498897.4350551625
1022007;450232.99638924305
1035008;371008.5352635644
1083009;615678.0595770981
1026006;393285.5816488997
1056009;436683.19794526085
1065004;400262.54151408805
1086005;269325.57634121674
