id;dist_small_bishop
1065003;25266.88742297196
1065002;13539.175609315414
1011006;31124.792284040806
1009001;34285.52358234588
1011004;9724.404191048265
1009002;63586.937514902726
1031005;41413.63602478794
1011003;12811.578056580007
1011001;0
1011002;17252.047745990698
1013001;0
1083003;60091.15685215645
1083001;29211.13389225152
1004004;33101.93811653671
1031007;43472.251200885614
1031002;28855.116373457895
1013007;0
1013006;17453.556476287264
1013002;15245.331721218028
1083002;38168.2482064578
1081002;0
1032004;18488.807719298675
1031006;28318.034908447
1032005;11020.638933858914
1064004;16756.520755732436
1083007;19879.170186598956
1011005;0
1034001;0
1034003;0
1031003;38565.68641920253
1031004;23503.64850079976
1032006;29106.379308094452
1032001;0
1081005;8860.362420873083
1040003;47883.91753930119
1081003;8563.473893389835
1030004;10544.225070893095
1013003;0
1030002;497.03478260404455
1030008;14535.674126807498
1034002;14968.092886057255
1030003;51619.31325340409
1030006;30629.778969502062
1012007;28207.84866672554
1032002;19447.91141637032
1040002;41974.135852177205
1032003;13157.072893653964
1047006;10262.859234095793
1048001;68325.37211927846
1031001;37974.88208466756
1046004;10619.810578396438
1046005;15868.003099100995
1030005;9670.409658845605
1013005;12241.789031659791
1030001;44732.99795903245
1047008;5854.859814668512
1024008;25733.186968157428
1033007;53717.12352696148
1007003;17456.137971867774
1026005;20570.45420121876
1017003;46319.65791833214
1019001;59669.59489572996
1024003;31811.403056569194
1015001;33304.80447228716
1015003;55743.694080789726
1017004;33507.35618029442
1016002;21757.91597695259
1024005;52102.36409445743
1024007;45650.171259717266
1019004;36191.16306807473
1047001;0
1047002;23733.81755895696
1004003;37431.70751831482
1005002;43120.64874341065
1047009;0
1048007;46524.912451908705
1048004;40246.7856669484
1048005;81117.24523496987
1015004;43748.978534380476
1048003;57942.62930095375
1047004;31045.351391229546
1012006;56500.05103677637
1047007;12204.746769692445
1047003;15421.620775562145
1046001;0
1047005;7304.820750132037
1012009;0
1012001;10672.34872239809
1046002;16844.918923514793
1012003;45650.75289379911
1012008;45421.290464026155
1026004;39413.54293571667
1026003;28939.12598771448
1007002;36491.020656953144
1026002;20673.957552892203
1033001;53498.47617182353
1004005;68229.66244580572
1005003;42146.08158403414
1024002;29729.35220431728
1024001;23450.878093625128
1024004;55630.01711517872
1033005;49554.4190057479
1033004;73714.55619206952
1046003;17059.410348221034
1043002;0
1007001;22079.938800156855
1048002;24818.29964977493
1004001;40211.37910912922
1005001;32305.60153979105
1048006;38217.20099848297
1043001;19162.55567926082
1003005;41128.75707995235
1018006;18875.90621380931
1079004;22694.414919543236
1085002;10320.746314200003
1036006;41786.08462391061
1086001;15793.97461842812
1039005;41127.404871739454
1039006;62767.48899287743
1003001;16966.68809971932
1003007;0
1071002;27827.166040684308
1086002;20966.70982076553
1086006;0
1085003;30622.519029823103
1036002;13985.891138884479
1036005;19858.26234666568
1036001;42356.63123167673
1036004;0
1018003;11223.792383007438
1039004;37248.642645643136
1086003;13024.613740624265
1086004;11417.844466495779
1025004;82962.98019775708
1085005;28121.035530150388
1085004;36359.67380026424
1036003;34352.68705492865
1058007;30127.556946869172
1018005;10671.380305435208
1079003;0
1017005;0
1001008;38748.15346233824
1038002;25725.915843835068
1001005;33768.088420403554
1038004;0
1087005;13964.34371022378
1019003;51284.91744638375
1063008;11367.307614707168
1063001;34454.371665900115
1016003;12572.5471987032
1063005;31005.71880446601
1015002;60101.07445066316
1063002;32421.560214603975
1017006;3473.8799689710827
1017007;0
1024006;25611.09571584298
1087006;11846.334716071
1087004;11999.777978967462
1016001;0
1016006;20069.539265708165
1001002;14598.793621938721
1087003;0
1069001;102.58849173240075
1001009;7768.938331083961
1069005;10955.682082438574
1071006;183.18795070701347
1001003;0
1001007;2013.868668998589
1071005;16933.731658609333
1023005;41809.08139091999
1023002;22704.778188073793
1023007;34217.123404571226
1063006;17247.223456455988
1069004;0
1001004;75148.80047181853
1001006;48109.13746073387
1087001;13031.256084548771
1087002;26879.56057106282
1023003;57837.377121293466
1023001;53354.533943029615
1069003;33441.791483922294
1003004;21100.985199585382
1003002;22827.768725290873
1003006;13948.537064702929
1071007;33057.13441685495
1041001;0
1041002;10391.714279410784
1068002;29522.358106194286
1070006;69747.67135014184
1070001;29639.286339265123
1053001;10784.654694086003
1053004;18588.3003940587
1072007;18453.883788365387
1049003;35298.87265271434
1072004;15233.196112114687
1037002;9614.587110635983
1072001;19775.081017125816
1041004;20083.138165742435
1070004;50950.98839361578
1088008;26111.864209211693
1088002;50957.40216983242
1070003;65921.43185760238
1088004;58901.430437553696
1052005;34051.565222750985
1021003;35191.04564477453
1035004;24478.396813217787
1044003;43003.85210999754
1035001;45538.89726122884
1044002;76827.7965433453
1044005;73306.7055554281
1049006;32255.96597682114
1041006;17534.31432539936
1053002;15886.116377993223
1053005;0
1072005;0
1072008;13891.990901783296
1028002;18217.50519465426
1045001;26629.3764467518
1045006;38812.35911642148
1072009;16915.16840599059
1089007;18675.16306297115
1010004;29561.31658562828
1035006;46493.866613653125
1056004;63401.743527348146
1056006;38875.810257726385
1035007;22012.32851234556
1045002;67745.80733554337
1045003;47712.458091887616
1035009;19934.541690162518
1010003;50264.101777443444
1052003;52217.1178823231
1035005;15911.470563847615
1052001;61159.0092037007
1045005;40206.515786032935
1067002;55591.77882053483
1053003;13625.494433448408
1053006;11633.727797337442
1041003;37552.635127713154
1072003;20319.926817111933
1028006;21832.90005403682
1089006;6367.354311581374
1089004;18775.53386281978
1068003;0
1088001;25485.3239946396
1022002;0
1022001;12583.564677814456
1088005;22611.983460064494
1088006;45941.61957520175
1045007;49289.84456427377
1035003;33963.876826126725
1050005;46293.205058101965
1072002;2310.067487850544
1088003;36485.66671260536
1088007;15598.732309617488
1010002;48509.07725227812
1010006;43856.96230202921
1028005;15708.281455438166
1078003;31962.715432779558
1072006;4124.355351071802
1061006;18758.110850621728
1061001;0
1053007;8776.485678773257
1010005;10698.557360237302
1088010;21572.976264969184
1054001;11713.8140238393
1054002;9583.23229744821
1067001;12106.503157782272
1022008;43951.15449728988
1022009;41693.55428552093
1077003;22699.64467287455
1077004;0
1077002;21668.365958808874
1078002;20396.86811088167
1052004;25276.090170511194
1010001;28115.92073447477
1052006;16881.392302586744
1061004;17229.48438285654
1061003;21432.12671234078
1028003;11145.959431084248
1054004;0
1054009;17800.775200408054
1054008;31018.429404740233
1027006;9689.259829265562
1055007;24209.185861891376
1055001;0
1054005;9037.350078879397
1054003;22967.902503563153
1051006;12968.526939925974
1051004;13877.387951586505
1078001;28509.32286693157
1078009;0
1059001;15868.262001210884
1059003;0
1080003;14598.15916047224
1080005;13470.53878473739
1080002;12821.82476506714
1062006;20101.938254764253
1059008;0
1059004;0
1060007;12212.284373574268
1076006;17141.126865844293
1080001;0
1060002;9009.653629089786
1008002;9386.067116875436
1008003;26355.90936012288
1008004;27192.75288738992
1060008;19223.139004138597
1076001;18408.71947435217
1076005;0
1002003;0
1002005;0
1076003;42.05169082362354
1076007;27670.106576157283
1059005;0
1059002;0
1062005;16029.381082059735
1062007;12788.020314171437
1059007;0
1062001;0
1057005;40297.81786886165
1055006;8521.048693880459
1055004;48690.97604896892
1051003;22576.44621535468
1051001;0
1014002;4652.069191059428
1014006;19729.815642362733
1050001;37919.99877500869
1078008;776.5386664615296
1078007;11841.007138551844
1027002;0
1027001;10928.566153871427
1027004;8520.531759155738
1057007;46516.421414567936
1057006;33046.183919997195
1057002;49920.431975122745
1057008;25197.94806286945
1057009;36399.55315767936
1078004;14970.823227920353
1051005;15860.138051836135
1008006;18285.42115950841
1008001;15459.719675326143
1008005;0
1055002;16025.860176540255
1028004;12119.041921950527
1078005;18576.337610937295
1061005;20108.01421519964
1014004;0
1051002;19669.930905347996
1027005;11472.626239260331
1060009;19590.30142291657
1060006;44832.62808360004
1002004;10515.314484792392
1002001;34485.98236626926
1077001;34877.903670131585
1060003;11503.501511497985
1054006;29118.548553309243
1075001;12694.745709236096
1075002;6072.156870767441
1050004;45903.6036450251
1050006;15443.238273296085
1057004;43171.557359422884
1027003;24163.65806004404
1055005;18409.12860693714
1060001;0
1060005;36012.2276098077
1025001;67232.1098248093
1025003;78395.19405676838
1044008;104268.48559881991
1049007;46535.85932551483
1049008;20925.460576205787
1039002;34940.64616928979
1071003;0
1021004;0
1037007;0
1037003;11623.489037615507
1025006;46824.569788969835
1037001;13089.928346903434
1089001;0
1058002;27345.942020432045
1058006;13363.79946792869
1070002;34547.26045159724
1049001;20155.306747620318
1049005;0
1079006;19233.293125593995
1049002;10138.806242934063
1021006;21313.14241093395
1058001;35000.29231997136
1071001;18968.188353899972
1058003;31406.103443724063
1079001;36774.40464335606
1085006;65239.8134225481
1039001;57542.488162248934
1025005;60432.83809729466
1021002;15500.108429045162
1021007;14969.819211690714
1058008;0
1044006;85119.36846677752
1044007;81903.94048939926
1058004;35991.742015175034
1044009;96178.61391084321
1041005;9759.213996114402
1037005;20429.50869514864
1044004;81401.72636103623
1044001;55674.73827952231
1018004;15267.633432343579
1063004;4767.84850181056
1071004;24819.018383758263
1063007;0
1016005;11364.774936481243
1046006;37108.74143791199
1024009;33941.19999538084
1022003;63048.563965004265
1016004;27903.491839906892
1029002;48502.23665495086
1022005;81970.1084500035
1014001;0
1050002;29284.07004365963
1067005;21985.602657447762
1062002;5016.538662755152
1029007;60954.49075521581
1029003;52705.51813302061
1040001;4844.018647797942
1064005;0
1021005;11670.056578927757
1029004;76483.88122586864
1029001;101743.58932888674
1056001;13651.291185218479
1056002;0
1029009;12091.627278518832
1066001;2754.2557340950225
1066003;20077.284216035758
1009003;49608.246707109545
1066002;0
1083004;81347.56512652124
1083008;67830.62428439481
1012002;44346.05873345762
1004002;65598.83132664584
1033006;41571.750047418456
1005004;54605.29208023729
1038001;0
1037006;28690.07526857575
1001001;49114.238194239726
1068001;2015.3233016971665
1029008;33183.15517925981
1056008;60025.85703795889
1035002;15604.291119409696
1022004;17233.699524918837
1067004;42117.525321328576
1059006;5665.014301648619
1050003;0
1062004;0
1050007;11388.424810052844
1079005;8904.962581070278
1034004;16081.918241185258
1065005;9067.294467027643
1081004;12421.090669970752
1031008;39819.13409871962
1081001;0
1012005;12445.409027553264
1030007;48999.56828906276
1040004;51136.550344297015
1019002;61592.087550639284
1038003;12490.827749527885
1012004;22417.010370791377
1026001;43855.57505965946
1043003;11832.88205350121
1039003;36286.08288989694
1018007;8932.75458124658
1058005;12471.639859060284
1058009;11386.646202492348
1069002;8459.23125390654
1079002;11038.784113225896
1023004;40643.82431723583
1023006;45053.03026956452
1003003;18715.114127975103
1045004;38177.96666341341
1089003;8405.466796304283
1089005;19813.675990646043
1056003;41315.185868029635
1056007;23747.06895261842
1070005;54361.476945648654
1052002;46515.330414792224
1054007;30494.674485193107
1022006;40878.63532471773
1028001;0
1055003;8207.92825386354
1061002;5363.1938171226775
1077005;16528.874028668262
1002006;10986.180812011457
1062008;12571.488387957863
1080004;27141.0696860466
1002002;10236.93656320286
1076002;22933.275134604974
1076004;23430.518065003733
1062003;10170.082443413263
1057003;57170.0884123133
1014003;0
1014005;3829.6555567046858
1055008;17666.881261488474
1078006;11586.991938204364
1060004;12008.387785395102
1037004;11156.106592705113
1018001;19116.398686892746
1018002;0
1025002;52083.1640252119
1049004;42201.1937022196
1056005;17647.106642242157
1089002;25084.132639917407
1063003;14898.222650443522
1064002;32706.575123116232
1064003;11447.316198052
1065001;12991.320618291209
1064006;37061.20686124867
1017002;3155.0527924844723
1017001;0
1013004;15447.93930122881
1021001;16547.583975614485
1084001;0
1057001;53006.02297007268
1033003;60330.23518658022
1033002;87442.41337608792
1085001;75056.76059755836
1083005;68147.18870100034
1083006;52398.97478271672
1029005;100817.99764767542
1064001;28143.803705058974
1029006;81510.73015254085
1022007;66798.13101720766
1035008;8585.539647223271
1083009;37916.12893576351
1026006;28613.219663730117
1056009;29384.797544433637
1065004;0
1086005;19764.413807926878
